unit: px;
total (row) width: 1000px; 
(width x height)

row 01: 
256,765 x 452,745
25,68 (25.5)
743,235 x 452,745
74,23 (74.5)

row 02: 
299,658 x 486,663
30
346,410 x 486,664
34,6
353,732 x 486,663
35,4

row 03: 
641,746 x 433,517
64,2
358,254 x 433,517
35,8

row 04: 
304,118 x 456,177
30,1
695,882 x 456,177
69,9

row 05: 
366,720 x 457,870
37
328,034 x 457,870
32,8
305,246 x 457,869
30,2

row 06:
307,654 x 432,716
30,8
346,173 x 432,716
34,6
346,173 x 432,717
34,6

row 07: 
692,472 x 461,292
69,2
307,528 x 461,292
30,8

row 08: 
658,191 x 434,939
65,8
341,809 x 434,938
34,2